000000
000001
000002
000003
000004
000005
000006
000007
000008
000009
000011
000012
000013
000014
000015
000016
000017
000018
000019
000020
000021
000022
000024
000026
000027
000028
000031
000032
000033
000034
000035
000036
000037
000038
000040
000041
000042
000043
000045
000046
000047
000048
000049
000050
000051
000052
000053
000056
000057
000058
000061
000062
000064
000065
000068
000069
000071
000073
000074
000075
000077
000079
000080
000081
000082
000083
000084
000085
000087
000089
000090
000091
000092
000093
000094
000095
000097
000098
000099
000100
000101
000102
000103
000104
000105
000106
000108
000109
000111
000112
000113
000114
000115
000116
000117
000118
000119
000121
000122
000123
000124
000125
000126
000127
000128
000129
000130
000131
000132
000133
000134
000135
000138
000140
000141
000142
000143
000144
000145
000146
000147
000148
000149
000150
000151
000152
000153
000154
000155
000156
000157
000159
000160
000161
000162
000163
000164
000165
000166
000167
000169
000170
000171
000172
000173
000175
000176
000177
000178
000179
000180
000181
000182
000183
000185
000186
000187
000188
000189
000190
000191
000192
000193
000194
000195
000196
000197
000200
000201
000202
000203
000204
000205
000206
000207
000211
000212
000214
000216
000217
000219
000220
000222
000223
000224
000225
000226
000227
000228
000229
000230
000231
000232
000233
000234
000236
000238
000239
000240
000241
000242
000243
000244
000245
000246
000248
000250
000251
000252
000253
000254
000255
000256
000257
000258
000262
000263
000264
000265
000267
000268
000269
000270
000271
000272
000273
000274
000275
000276
000278
000279
000282
000283
000284
000285
000286
000287
000288
000289
000291
000293
000295
000297
000300
000301
000302
000303
000304
000305
000308
000310
000311
000313
000314
000315
000316
000317
000320
000322
000323
000324
000325
000326
000329
000330
000332
000333
000334
000335
000336
000337
000338
000339
000340
000341
000342
000343
000345
000347
000348
000349
000350
000353
000354
000355
000356
000357
000358
000360
000361
000362
000364
000366
000367
000368
000369
000370
000372
000373
000374
000375
000376
000378
000379
000381
000383
000384
000385
000386
000387
000388
000389
000390
000391
000392
000393
000394
000395
000396
000397
000399
000400
000401
000402
000403
000404
000405
000406
000407
000408
000409
000410
000412
000413
000414
000415
000416
000417
000418
000419
000420
000421
000422
000423
000426
000427
000428
000429
000430
000431
000434
000435
000437
000438
000439
000440
000441
000443
000444
000445
000446
000447
000450
000451
000452
000454
000455
000457
000458
000459
000460
000461
000462
000463
000465
000466
000467
000469
000470
000471
000472
000473
000474
000475
000476
000477
000478
000479
000480
000481
000482
000483
000484
000486
000487
000488
000489
000490
000491
000492
000493
000494
000495
000496
000497
000498
000499
000500
000501
000502
000503
000504
000505
000506
000508
000509
000510
000511
000512
000515
000517
000518
000519
000520
000523
000524
000527
000529
000530
000531
000532
000535
000536
000537
000538
000540
000543
000544
000546
000547
000549
000550
000551
000552
000553
000555
000556
000557
000559
000560
000561
000562
000563
000564
000565
000566
000567
000568
000569
000571
000572
000573
000574
000575
000577
000579
000580
000581
000582
000583
000584
000585
000586
000587
000589
000590
000592
000596
000598
000600
000601
000602
000604
000605
000606
000607
000608
000609
000610
000611
000612
000613
000614
000615
000616
000617
000618
000619
000621
000623
000624
000626
000627
000628
000629
000630
000631
000632
000633
000636
000637
000638
000639
000640
000641
000642
000643
000645
000646
000647
000648
000651
000652
000653
000654
000655
000656
000657
000658
000659
000660
000661
000663
000664
000665
000666
000667
000668
000669
000670
000671
000672
000673
000674
000675
000676
000679
000680
000681
000682
000683
000684
000686
000689
000690
000691
000692
000694
000696
000697
000698
000699
000700
000701
000702
000703
000704
000705
000707
000708
000709
000710
000711
000712
000713
000715
000716
000717
000718
000719
000720
000721
000723
000724
000725
000726
000727
000728
000729
000731
000732
000733
000734
000735
000737
000738
000741
000742
000743
000744
000745
000746
000747
000748
000749
000750
000751
000752
000753
000754
000755
000756
000757
000758
000759
000760
000761
000762
000763
000765
000766
000768
000769
000771
000772
000774
000775
000776
000777
000778
000779
000780
000782
000783
000784
000786
000788
000789
000790
000791
000793
000794
000795
000799
000800
000801
000802
000804
000805
000806
000807
000808
000810
000811
000812
000815
000816
000817
000818
000819
000820
000821
000825
000826
000827
000828
000829
000830
000831
000832
000833
000836
000838
000839
000840
000841
000842
000843
000844
000845
000846
000848
000851
000852
000853
000854
000855
000856
000858
000859
000860
000861
000862
000863
000864
000866
000867
000868
000870
000871
000872
000873
000874
000875
000876
000878
000880
000882
000883
000884
000885
000886
000887
000888
000890
000892
000893
000894
000895
000896
000897
000898
000899
000901
000902
000903
000904
000906
000907
000909
000910
000911
000913
000916
000917
000918
000919
000920
000923
000924
000925
000926
000929
000930
000931
000932
000933
000935
000937
000938
000940
000942
000943
000944
000945
000947
000948
000949
000950
000951
000952
000953
000954
000955
000956
000958
000959
000960
000962
000963
000964
000965
000966
000967
000968
000969
000970
000971
000974
000976
000977
000978
000979
000980
000981
000982
000984
000985
000986
000987
000988
000989
000990
000991
000992
000994
000995
000996
000997
